# ACT covariance matrix without CMB marginalization (for use with CMB 2-point spectra and likelihood corrections)
1.940651745842515054e-15 1.188466689467614900e-16 -2.013473354730467843e-17 -5.996794737354746309e-18 1.660591446620304970e-17 -1.218232362458310675e-17 3.696582018077382779e-18 2.946101372322132278e-18 -1.280915302819357080e-17 1.052779398225325061e-17 -2.819880446731684159e-18 8.719321764370806285e-18 3.113249777760589667e-18 -1.212422450028857725e-18 -2.566099901282546599e-18 3.939792144297686034e-19 3.288316691513727273e-18 5.185491674862628547e-18
1.188466689467614900e-16 5.622618227189811378e-16 1.696284072313135300e-17 -9.087040803884392913e-18 -9.682573857805518404e-18 8.663826028538352587e-19 -2.886722276857078954e-18 -2.841654811152714045e-18 3.333580735669996417e-18 -1.337524720782246312e-19 -9.731516009566873723e-19 6.928635714634086931e-18 3.615370263350455009e-18 -1.937917422238838067e-18 -5.734760983301486031e-19 -3.829231571612543895e-19 2.173482268747036580e-18 -1.035825338077328974e-18
-2.013473354730467843e-17 1.696284072313135300e-17 2.475179604768886525e-16 5.443658297632534388e-18 -5.300788381277757814e-18 3.207958863347423609e-18 2.462306398725390155e-18 2.331244705492806286e-19 -1.837497095307945466e-18 -1.191531733012213862e-18 1.750424740438008386e-18 7.220905778398587488e-19 -1.001436638663614910e-18 1.145157971290911479e-18 2.022056144017169850e-18 1.404309596662993114e-18 1.605369952262013713e-18 -1.491074647404533247e-19
-5.996794737354746309e-18 -9.087040803884392913e-18 5.443658297632534388e-18 9.218196407170867401e-17 2.260510996563212732e-18 1.139741357655001557e-18 3.062334032941441780e-19 8.260063668907910260e-19 -2.975980660378909584e-18 -8.791901178382011983e-19 -1.158053956845974839e-18 -6.458137231816664512e-19 -2.559602521519696275e-19 -9.005953714007231678e-20 3.419744513275345100e-19 1.803787835284474201e-19 -3.556250981312987887e-19 6.923320264905348184e-19
1.660591446620304970e-17 -9.682573857805518404e-18 -5.300788381277757814e-18 2.260510996563212732e-18 4.630565092738273681e-17 3.459957017019955101e-18 -1.088275221940183094e-18 1.498066502953507294e-18 -4.298788532134196712e-19 8.654486791484967201e-19 2.336483421830891513e-19 7.574600787155964114e-19 9.975435056004172321e-20 -9.326307717132597585e-20 5.645475677040731399e-20 -5.538401816240964759e-19 1.351181645663814379e-18 7.197239171563596998e-19
-1.218232362458310675e-17 8.663826028538352587e-19 3.207958863347423609e-18 1.139741357655001557e-18 3.459957017019955101e-18 2.869097076883279468e-17 1.535523440190159942e-19 -8.610480028487781550e-20 5.393503151808231127e-19 6.690475004993542324e-19 3.428995325463848616e-19 1.121845247694058976e-18 6.624032266466278820e-20 4.050690029838195561e-19 4.698860801928206013e-19 2.115102542071152844e-19 5.352455773686002291e-19 5.697505876604711445e-20
3.696582018077382779e-18 -2.886722276857078954e-18 2.462306398725390155e-18 3.062334032941441780e-19 -1.088275221940183094e-18 1.535523440190159942e-19 2.204678461325650238e-17 6.031007440965271673e-19 1.324514826748589743e-18 1.709673993686671807e-19 5.049935816376274456e-19 6.695779957337369343e-19 3.037951167710007362e-19 5.069451885826903749e-19 2.667773524056205072e-19 4.932232413648735535e-19 3.925657209527373206e-19 1.324869074324529003e-18
2.946101372322132278e-18 -2.841654811152714045e-18 2.331244705492806286e-19 8.260063668907910260e-19 1.498066502953507294e-18 -8.610480028487781550e-20 6.031007440965271673e-19 2.268579078337804011e-17 1.864420758205138098e-18 -1.133090783788309498e-19 1.710728253963954648e-19 5.916985807013211515e-19 4.631289438221987047e-19 2.527918174094113403e-19 7.566817216982155856e-19 7.120686113164812876e-19 2.341837195820213833e-20 1.400117511949834085e-19
-1.280915302819357080e-17 3.333580735669996417e-18 -1.837497095307945466e-18 -2.975980660378909584e-18 -4.298788532134196712e-19 5.393503151808231127e-19 1.324514826748589743e-18 1.864420758205138098e-18 1.543602756359278755e-17 8.140757332934901324e-19 6.422104084727011250e-19 7.200174751617896153e-19 5.287856012809596086e-19 3.499301928695020821e-19 8.291938081333526370e-20 4.808675588154316087e-19 4.549576655967265712e-19 4.360339462646495122e-19
1.052779398225325061e-17 -1.337524720782246312e-19 -1.191531733012213862e-18 -8.791901178382011983e-19 8.654486791484967201e-19 6.690475004993542324e-19 1.709673993686671807e-19 -1.133090783788309498e-19 8.140757332934901324e-19 1.034546297350843351e-17 4.924396800923791006e-19 1.065101472290553366e-18 6.788147767850766060e-19 2.253030137066037767e-19 2.230009331186721296e-19 -1.889207663700968770e-19 3.203781024693935535e-19 -6.860975519921329531e-20
-2.819880446731684159e-18 -9.731516009566873723e-19 1.750424740438008386e-18 -1.158053956845974839e-18 2.336483421830891513e-19 3.428995325463848616e-19 5.049935816376274456e-19 1.710728253963954648e-19 6.422104084727011250e-19 4.924396800923791006e-19 7.376369029366419566e-18 2.944217992274490130e-19 1.094488765955064673e-19 3.823519198241007775e-19 1.563448775635626302e-19 3.207406825485494076e-19 3.237016328997292615e-19 4.441501526188652920e-19
8.719321764370806285e-18 6.928635714634086931e-18 7.220905778398587488e-19 -6.458137231816664512e-19 7.574600787155964114e-19 1.121845247694058976e-18 6.695779957337369343e-19 5.916985807013211515e-19 7.200174751617896153e-19 1.065101472290553366e-18 2.944217992274490130e-19 6.731010368279234024e-18 6.672638318453229831e-19 2.951377527998020574e-19 3.021589282979551488e-19 3.792336929571901402e-19 7.071147493194498309e-19 4.537117528234050980e-19
3.113249777760589667e-18 3.615370263350455009e-18 -1.001436638663614910e-18 -2.559602521519696275e-19 9.975435056004172321e-20 6.624032266466278820e-20 3.037951167710007362e-19 4.631289438221987047e-19 5.287856012809596086e-19 6.788147767850766060e-19 1.094488765955064673e-19 6.672638318453229831e-19 4.808365941183774483e-18 1.269722326888213509e-19 2.669556474970267858e-19 1.915747631842205908e-19 3.497911627116429158e-19 -4.655672604998377027e-21
-1.212422450028857725e-18 -1.937917422238838067e-18 1.145157971290911479e-18 -9.005953714007231678e-20 -9.326307717132597585e-20 4.050690029838195561e-19 5.069451885826903749e-19 2.527918174094113403e-19 3.499301928695020821e-19 2.253030137066037767e-19 3.823519198241007775e-19 2.951377527998020574e-19 1.269722326888213509e-19 3.379858787919492283e-18 2.461878180989669645e-19 2.097960532252751446e-19 2.892417281693490246e-19 4.177987925232722533e-19
-2.566099901282546599e-18 -5.734760983301486031e-19 2.022056144017169850e-18 3.419744513275345100e-19 5.645475677040731399e-20 4.698860801928206013e-19 2.667773524056205072e-19 7.566817216982155856e-19 8.291938081333526370e-20 2.230009331186721296e-19 1.563448775635626302e-19 3.021589282979551488e-19 2.669556474970267858e-19 2.461878180989669645e-19 2.937768684987649090e-18 2.772346139458454898e-19 4.461486283371724713e-19 5.633890919432460246e-19
3.939792144297686034e-19 -3.829231571612543895e-19 1.404309596662993114e-18 1.803787835284474201e-19 -5.538401816240964759e-19 2.115102542071152844e-19 4.932232413648735535e-19 7.120686113164812876e-19 4.808675588154316087e-19 -1.889207663700968770e-19 3.207406825485494076e-19 3.792336929571901402e-19 1.915747631842205908e-19 2.097960532252751446e-19 2.772346139458454898e-19 2.836801192455355245e-18 7.428743876068637432e-19 1.188241510714642312e-18
3.288316691513727273e-18 2.173482268747036580e-18 1.605369952262013713e-18 -3.556250981312987887e-19 1.351181645663814379e-18 5.352455773686002291e-19 3.925657209527373206e-19 2.341837195820213833e-20 4.549576655967265712e-19 3.203781024693935535e-19 3.237016328997292615e-19 7.071147493194498309e-19 3.497911627116429158e-19 2.892417281693490246e-19 4.461486283371724713e-19 7.428743876068637432e-19 3.643866462245384110e-18 1.860518771576800156e-18
5.185491674862628547e-18 -1.035825338077328974e-18 -1.491074647404533247e-19 6.923320264905348184e-19 7.197239171563596998e-19 5.697505876604711445e-20 1.324869074324529003e-18 1.400117511949834085e-19 4.360339462646495122e-19 -6.860975519921329531e-20 4.441501526188652920e-19 4.537117528234050980e-19 -4.655672604998377027e-21 4.177987925232722533e-19 5.633890919432460246e-19 1.188241510714642312e-18 1.860518771576800156e-18 6.523880339786609433e-18
